2
20
0 SHIP 0 0 0 2 100 1
1 SHIP 0 20 22 2 100 1
2 SHIP 0 10 11 2 100 1
3 SHIP 0 0 0 2 100 0
4 SHIP 0 20 22 2 100 0
5 SHIP 0 10 11 2 100 0
6 BARREL 10 666 666 666 666 666
7 BARREL 10 666 666 666 666 666
8 BARREL 10 666 666 666 666 666
9 BARREL 10 666 666 666 666 666
10 BARREL 10 666 666 666 666 666
11 BARREL 10 666 666 666 666 666
12 BARREL 10 666 666 666 666 666
13 BARREL 10 666 666 666 666 666
14 BARREL 10 666 666 666 666 666
15 BARREL 10 666 666 666 666 666
16 MINE 666 666 666 666 666 666
17 MINE 666 666 666 666 666 666
18 MINE 666 666 666 666 666 666
19 MINE 666 666 666 666 666 666
